4.69000e+02 166 285 368 374 133 111 375 463 142 310 264 475 255 351 125 494 298 325 220 294 147 399 441 455 267 453 327 495 246 466 148 423 228 404 181 474 380 224 118 175 240 288 405 345 215 289 209 392 486 429 386 213 372 155 323 165 307 321 446 473 409 484 120 402 231 347 210 177 470 365 286 203 192 467 141 112 151 247 265 229 245 481 295 157 333 212 390 144 332 401 127 131 103 437 161 282 493 223 388 222
1.56814e+05 262 183 184 389 496 129 101 401 157 286 133 472 300 181 371 381 117 427 431 319 305 298 251 274 498 174 466 176 467 359 334 103 163 168 441 367 234 261 192 409 180 462 289 361 429 194 378 316 116 156 453 230 172 123 357 121 218 255 419 260 387 376 282 221 147 464 301 240 322 205 394 159 199 281 369 269 268 328 456 398 225 445 296 494 302 191 177 140 390 291 446 447 173 451 258 209 138 231 130 444
7.81000e+02 430 245 266 172 492 338 247 117 394 415 457 169 443 296 170 158 461 425 272 183 178 290 146 315 388 163 289 179 391 125 360 234 177 463 348 352 373 135 124 365 438 396 241 213 251 155 424 139 106 433 340 156 226 406 311 273 317 385 299 349 229 383 436 254 111 152 419 305 165 217 262 398 405 197 103 233 285 468 238 129 260 456 122 329 109 224 442 413 453 386 404 246 439 302 131 379 244 422 137 435
1.93700e+03 101 143 104 295 321 174 390 464 399 155 159 392 221 266 475 188 429 129 319 148 338 431 372 127 445 420 264 269 288 246 156 394 211 100 222 454 164 243 147 336 468 412 150 389 428 495 149 110 430 241 228 344 363 465 373 242 235 163 117 277 204 175 439 481 224 196 396 249 195 497 111 347 325 403 346 417 287 402 472 307 316 106 367 184 107 300 239 214 384 477 473 379 236 318 371 229 268 349 312 323
-1.79501e+05 178 202 456 124 324 146 362 267 103 443 207 240 382 107 354 448 285 227 210 427 286 312 366 468 122 276 269 372 215 274 183 381 160 234 359 322 492 423 273 391 259 233 176 439 119 304 429 352 171 495 287 375 280 224 257 488 156 374 388 337 400 184 255 425 279 329 449 345 490 230 357 320 471 415 203 447 258 463 428 405 228 115 108 486 200 466 270 220 460 442 121 457 336 344 245 376 441 368 111 241
9.70000e+02 137 173 161 378 187 396 245 377 482 182 298 241 167 370 457 499 375 128 334 326 320 131 423 393 276 342 125 466 218 154 415 453 229 281 356 243 302 221 134 435 249 379 433 200 338 163 272 491 265 120 429 258 389 198 432 118 274 269 132 279 133 252 452 441 166 208 239 373 159 352 327 371 176 117 359 404 301 405 158 189 400 250 284 293 109 369 130 207 111 191 430 291 203 456 458 316 226 195 462 434
5.88000e+02 493 329 196 153 198 406 302 150 148 438 282 430 469 194 428 402 361 478 286 452 443 481 158 307 322 419 412 295 162 465 222 234 327 203 364 131 209 346 363 446 149 135 199 495 108 249 385 264 155 285 323 451 480 145 236 208 267 445 426 225 183 387 441 351 273 256 369 263 220 301 174 268 357 121 367 221 166 204 393 365 409 156 112 134 432 319 388 325 376 300 281 265 247 356 324 106 435 463 245 423
1.28500e+03 175 287 454 219 135 108 372 145 437 211 207 164 286 329 245 128 282 466 165 319 210 225 338 430 202 394 456 160 370 180 468 356 379 489 423 420 422 138 339 127 102 246 290 309 109 140 307 346 351 428 301 369 118 299 449 208 247 123 284 432 296 184 258 384 382 192 396 144 331 362 304 278 187 367 470 326 226 274 438 201 406 448 117 345 390 492 403 268 383 473 190 488 323 354 156 189 484 112 471 330
7.64947e+09 120 405 146 339 198 131 145 155 307 374 462 266 207 125 315 375 296 137 404 195 417 376 189 149 261 220 372 345 388 407 225 204 293 276 272 209 481 454 239 420 437 175 390 139 469 396 124 443 330 162 234 250 327 271 182 285 343 183 214 475 452 299 283 402 211 488 480 329 352 338 253 311 254 150 111 448 247 318 106 365 423 472 221 244 289 233 133 115 379 281 210 397 200 245 141 287 359 240 415 224
2.21858e+10 290 165 264 187 449 132 482 204 226 403 424 334 210 171 120 462 409 356 265 425 293 444 350 169 156 411 191 246 372 227 121 492 322 498 387 391 217 407 439 406 422 185 346 405 340 443 131 383 325 262 155 305 270 151 426 343 331 299 109 101 386 321 342 281 392 309 358 104 287 249 254 300 353 130 201 324 282 189 196 401 236 213 162 379 416 450 499 419 170 269 476 303 232 429 127 460 126 297 495 475
8.40000e+01 219 409 356 137 204 343 101 281 206 184 342 398 459 212 447 246 197 280 341 336 346 432 387 245 169 205 266 247 466 144 489 495 469 140 233 186 337 410 411 488 313 210 134 498 487 260 248 125 263 332 262 305 284 100 269 475 483 388 479 450 308 153 108 253 328 218 178 394 288 257 381 223 115 391 165 182 401 390 268 199 458 434 285 315 352 426 494 440 106 139 457 252 420 443 193 302 439 430 386 344
1.94000e+02 351 342 463 415 210 436 100 232 182 151 401 145 452 331 180 219 471 236 478 343 447 489 453 459 265 102 395 369 349 348 178 191 218 328 266 254 332 449 134 105 123 225 159 124 309 291 148 451 372 416 469 115 472 483 220 442 310 319 465 444 161 286 484 364 308 370 262 213 169 350 303 257 383 285 192 111 140 253 181 221 108 353 109 261 258 320 419 141 302 119 281 184 107 222 127 194 158 216 335 323
1.18600e+03 126 499 235 145 173 234 422 162 324 208 344 431 182 443 164 214 183 151 294 318 309 480 207 305 495 193 149 226 352 286 231 123 473 288 417 364 280 115 454 200 314 464 112 203 456 142 125 170 429 368 285 414 202 154 326 218 233 120 460 292 160 308 163 359 486 129 322 276 373 122 266 355 313 229 180 375 395 187 398 445 317 358 430 181 489 105 461 301 256 137 282 271 441 277 426 159 195 304 289 357
3.14200e+03 219 459 279 126 217 490 129 199 271 325 210 216 245 160 250 141 491 464 495 278 483 269 237 144 466 284 303 123 155 201 454 296 122 277 188 147 243 461 256 344 456 365 359 472 207 246 417 125 205 486 333 172 136 321 309 489 253 375 319 192 323 318 218 275 232 460 322 342 221 418 465 131 428 234 425 298 159 494 331 110 439 239 238 409 262 135 449 315 462 477 204 420 222 282 396 300 255 180 292 177
1.45400e+03 364 417 265 278 140 325 445 290 462 424 471 392 395 319 475 247 180 354 162 201 378 117 348 125 468 280 411 238 281 446 486 183 108 178 216 169 263 442 250 154 367 399 496 358 111 157 374 163 227 371 143 175 406 303 187 208 116 262 102 403 333 237 144 322 448 112 231 307 439 402 253 390 126 124 223 369 275 269 221 497 123 258 352 122 260 427 499 151 109 380 420 225 204 243 114 148 211 119 415 421
5.05855e+05 254 274 338 384 499 192 230 221 263 369 217 271 148 286 365 117 485 265 328 372 420 380 352 308 215 422 459 294 385 440 491 197 472 324 293 414 423 474 261 159 405 163 421 256 206 137 343 189 375 203 344 333 292 115 346 232 155 101 179 367 277 476 224 273 214 315 126 107 123 120 498 468 470 220 452 362 234 169 391 319 350 442 431 267 451 463 376 170 397 134 160 359 453 291 493 475 379 172 253 229
1.68648e+05 298 473 195 240 189 439 324 381 142 116 151 150 415 353 454 395 221 304 430 143 250 421 435 127 124 243 479 194 268 494 460 416 484 280 134 490 174 161 137 351 193 407 203 230 258 206 223 198 211 284 289 405 327 455 282 172 466 438 377 417 458 411 185 401 453 117 359 431 372 456 315 443 130 339 126 293 256 283 366 482 215 263 236 496 389 285 300 393 173 107 146 122 432 115 317 233 399 344 352 158
6.84000e+02 120 114 157 256 412 350 136 379 159 268 224 427 123 443 294 319 339 482 296 397 142 386 101 415 172 170 329 441 344 270 481 312 149 423 289 324 353 437 284 116 470 349 454 479 128 238 359 418 332 196 108 179 306 447 218 252 278 442 176 171 262 364 458 342 295 208 194 264 140 233 456 129 223 277 366 148 352 299 457 237 459 374 236 216 451 489 275 107 431 420 493 394 336 201 322 476 185 205 435 323
1.69590e+08 293 477 444 385 284 460 291 257 144 344 459 356 204 430 263 298 454 177 136 162 305 383 482 311 105 196 336 462 335 181 486 396 273 107 423 182 201 404 191 409 190 318 178 406 290 111 488 417 176 157 310 499 339 391 382 180 471 249 203 448 102 146 427 126 274 446 484 314 134 457 436 166 200 189 300 384 364 209 496 354 312 390 247 412 343 327 316 248 307 315 109 466 359 259 360 323 328 265 254 225
2.88000e+02 220 126 244 472 239 437 436 229 445 326 328 363 447 481 339 254 288 362 217 207 151 187 284 486 172 101 259 420 495 273 170 331 164 484 246 277 349 195 128 211 283 234 377 454 366 119 169 382 240 177 459 336 452 373 480 354 117 426 337 186 212 399 198 165 285 149 299 432 334 446 385 462 408 370 296 133 423 122 205 104 269 314 226 158 493 188 431 179 111 496 402 499 415 427 422 173 468 121 323 157
3.44670e+04 487 276 218 171 139 273 111 340 274 198 193 208 275 306 224 260 438 227 168 363 380 447 143 472 309 382 293 332 216 381 344 213 437 229 364 378 243 105 302 353 338 304 311 241 247 148 410 103 335 214 463 299 120 200 107 259 489 100 362 495 244 209 248 197 221 110 167 387 181 481 159 129 240 232 328 337 145 427 467 445 399 435 412 153 343 458 426 492 239 256 305 484 310 282 401 127 154 262 152 301
4.04593e+10 134 101 116 268 273 137 199 493 406 446 438 193 236 232 479 257 498 460 410 447 469 211 194 383 212 454 415 387 434 291 159 244 371 332 185 369 367 330 432 298 429 378 233 466 119 161 286 405 350 197 349 201 359 329 112 313 380 218 442 143 158 103 114 166 246 126 467 189 239 162 122 214 238 402 278 355 283 157 494 151 492 451 431 139 333 219 263 389 428 277 204 363 455 198 471 345 243 262 133 306
4.73468e+07 170 380 111 232 455 340 214 409 225 468 154 465 133 390 471 161 184 405 258 207 152 200 474 195 211 242 426 425 404 386 251 466 176 418 216 366 320 151 212 447 268 186 382 130 305 476 248 347 279 348 378 414 290 403 407 363 139 464 420 302 274 371 432 206 245 182 338 478 328 491 122 413 332 293 469 171 108 408 311 374 289 257 202 342 109 173 230 335 124 286 389 496 484 375 260 228 221 341 422 330
-1.13212e+09 399 101 487 316 443 304 141 436 410 462 480 165 240 490 117 384 329 474 193 233 183 408 178 199 430 100 331 128 154 222 242 320 357 307 297 398 451 138 104 181 265 382 315 366 412 172 122 380 238 400 162 476 352 187 227 354 295 157 261 256 470 194 263 223 150 230 283 372 258 294 255 113 120 318 215 206 180 123 202 311 277 133 189 439 237 414 229 479 173 131 146 426 254 241 219 322 342 381 428 463
4.45700e+04 443 460 158 411 201 347 407 326 169 419 277 418 257 280 440 353 412 365 102 400 291 298 486 322 153 445 181 259 300 348 184 346 404 490 278 389 253 495 494 388 156 390 480 163 295 463 488 435 174 429 399 269 246 467 205 232 328 129 198 350 173 250 312 336 438 230 458 122 358 422 166 256 305 499 309 155 116 455 192 476 376 108 251 286 131 303 293 127 333 394 469 252 363 118 157 263 387 355 485 334
-1.97168e+05 174 231 220 472 307 203 299 272 221 414 223 230 454 304 430 256 115 116 340 168 435 386 403 463 491 332 331 390 270 179 259 151 105 158 373 467 155 431 445 434 406 401 379 381 362 309 186 276 266 294 334 496 113 121 136 325 473 210 464 300 150 392 154 117 498 339 342 254 103 358 360 233 243 329 141 290 409 417 455 109 366 376 282 188 337 132 324 413 421 470 497 443 213 217 140 371 308 346 148 335
2.42500e+03 117 220 430 333 259 404 224 442 156 375 134 298 274 126 303 381 159 123 240 418 372 177 391 124 306 257 258 419 183 131 277 414 213 245 176 491 478 153 490 350 152 132 294 292 469 252 151 413 226 390 336 383 307 119 170 232 133 272 457 450 326 130 182 196 346 189 193 311 423 118 145 113 288 125 343 173 107 376 473 222 444 109 496 434 401 406 365 169 447 208 357 340 212 214 382 461 295 162 286 494
6.24600e+04 395 498 474 296 360 141 100 113 377 102 241 118 295 454 224 170 283 450 438 282 169 316 253 483 202 197 418 157 402 187 476 248 446 150 297 499 123 117 288 321 168 401 380 215 145 436 304 114 311 140 107 222 190 479 280 455 439 473 429 278 220 192 420 460 152 256 240 299 443 391 217 155 179 127 195 250 384 212 164 345 146 431 426 133 255 383 417 138 219 350 332 465 225 319 478 471 203 470 193 269
9.11000e+02 263 255 425 214 203 368 120 459 207 347 399 222 408 477 451 354 116 444 497 493 281 291 237 150 325 143 369 439 273 472 446 480 128 153 209 277 221 464 166 127 413 184 445 431 257 110 485 361 138 355 238 215 249 404 113 268 435 414 471 338 230 295 130 100 195 269 331 407 440 395 144 139 419 243 107 305 396 180 274 333 210 160 302 148 261 196 320 259 322 137 162 248 182 172 323 211 109 247 134 251
6.13507e+18 240 353 290 436 361 148 346 251 461 432 304 371 312 423 237 434 340 127 142 438 429 325 498 122 335 221 285 342 455 484 317 245 250 283 192 216 126 409 354 327 456 258 264 101 377 347 441 262 396 224 157 198 305 295 234 124 261 306 273 185 333 291 277 219 468 479 413 420 428 166 179 363 407 112 442 406 378 480 140 114 329 201 276 359 398 385 364 257 414 268 214 298 373 233 467 265 118 465 215 344
3.21000e+02 372 349 440 164 108 268 365 182 255 275 296 346 249 382 239 357 331 320 448 297 139 321 475 199 361 414 423 481 193 223 457 424 364 347 367 391 273 214 458 314 260 146 401 120 453 163 411 184 472 431 292 494 235 399 376 140 257 313 141 398 162 237 370 311 106 133 429 323 279 327 300 325 455 138 310 409 350 329 369 443 473 464 360 402 465 212 380 305 415 497 444 186 478 336 358 290 207 374 221 165
3.94900e+03 144 278 445 446 483 240 304 349 286 223 249 374 496 470 148 107 368 168 333 330 195 380 344 231 214 423 164 452 341 152 309 441 312 212 409 338 150 247 375 388 227 105 369 296 169 280 300 263 336 253 465 197 135 198 442 167 331 128 119 257 367 117 324 311 334 329 170 327 127 166 246 259 244 228 232 477 159 492 467 217 305 229 403 171 110 393 121 428 337 319 449 308 139 162 302 245 285 303 481 205
9.52000e+02 335 429 211 486 105 138 159 288 227 473 313 273 127 160 264 113 324 400 154 364 464 182 210 272 408 328 164 269 193 421 497 166 392 461 406 435 116 312 140 425 302 470 223 178 307 367 376 358 103 205 257 459 348 342 172 118 167 362 440 120 365 496 306 442 168 128 145 195 188 428 441 152 430 330 165 373 404 456 258 110 417 447 374 395 265 409 498 131 150 299 305 437 354 224 220 316 403 450 104 277
3.30267e+07 281 231 101 407 265 350 160 175 362 122 242 417 471 179 141 230 482 248 220 409 177 184 138 314 233 488 304 183 300 124 396 298 153 285 211 186 227 241 148 176 257 288 366 379 445 182 442 106 164 291 321 136 219 225 349 461 109 235 210 294 408 311 446 174 475 151 393 337 240 448 454 391 470 108 460 322 173 348 319 180 131 246 434 307 238 495 228 159 330 327 263 222 283 264 451 154 306 333 427 329
9.10000e+02 173 403 187 432 170 261 110 122 300 191 251 184 152 282 387 109 148 419 210 155 190 298 393 410 425 453 129 130 495 272 440 230 319 342 104 222 455 264 266 189 469 128 309 299 314 447 239 302 366 329 331 232 196 423 398 236 200 246 327 102 112 111 386 348 287 438 114 293 301 406 371 289 372 442 384 310 183 295 350 126 201 231 344 306 244 107 496 478 145 105 235 484 186 379 400 451 395 472 335 381
3.11937e+06 360 440 227 388 394 160 101 283 416 125 165 459 401 368 488 450 108 191 341 198 220 221 211 486 230 335 412 408 482 163 474 406 378 433 487 458 128 103 140 219 122 218 427 133 327 442 224 100 173 365 444 348 190 428 120 102 370 391 245 164 470 134 273 231 492 237 150 312 340 274 463 343 305 213 309 181 111 339 197 485 443 310 404 417 484 271 183 372 204 449 437 346 107 301 347 265 352 460 429 104
1.19700e+03 231 181 206 448 219 436 174 435 269 344 258 198 136 359 475 108 479 232 404 113 451 346 416 333 264 296 178 364 467 166 341 115 194 270 318 494 107 383 471 220 337 402 433 388 188 276 141 275 122 196 304 183 428 214 397 393 439 120 311 372 229 138 432 302 144 420 156 423 238 391 114 106 312 147 140 169 139 284 285 352 377 351 248 414 363 295 427 237 463 335 210 445 201 390 191 450 105 308 371 453
1.24777e+08 429 288 197 438 400 241 475 470 268 464 124 424 302 467 491 411 176 143 261 172 465 421 328 215 389 243 273 276 286 352 382 202 346 252 456 193 403 378 324 391 258 435 334 145 485 264 167 455 326 138 187 338 216 310 152 146 126 413 223 319 105 311 312 209 454 449 497 447 372 476 450 483 153 478 303 188 210 385 448 226 199 304 225 386 434 108 200 239 494 462 463 240 175 168 265 358 392 132 397 144
1.03788e+11 405 393 419 317 160 110 185 166 479 155 381 237 472 227 496 135 226 349 234 343 493 206 430 483 457 435 229 199 305 330 111 119 181 425 162 433 366 189 348 240 180 318 423 391 309 220 266 461 284 263 368 322 156 195 406 209 218 260 196 301 396 273 179 341 183 200 107 439 411 131 464 278 394 178 454 415 312 399 361 267 158 146 236 208 436 165 478 151 255 221 163 109 460 488 314 476 463 442 264 261
1.31302e+05 335 210 272 180 102 103 499 456 260 470 118 490 282 244 186 176 125 182 360 292 230 371 320 392 481 274 367 400 239 199 498 298 245 388 384 249 408 487 466 357 271 253 318 317 289 321 478 156 238 257 256 431 152 414 153 440 231 449 448 476 452 113 331 106 430 296 308 372 234 270 228 280 144 161 132 115 350 178 216 445 100 219 334 450 312 311 300 189 185 409 425 382 398 254 223 258 214 287 119 411
2.04600e+03 363 413 368 265 468 337 122 417 470 231 164 476 174 210 326 376 250 462 475 244 209 311 401 316 456 423 317 248 242 260 172 299 236 251 285 158 267 344 418 240 411 420 375 357 205 151 277 181 497 444 461 384 107 175 436 102 295 287 149 435 141 333 356 171 274 345 254 453 183 113 472 173 404 108 166 403 278 471 364 234 195 252 165 390 487 255 104 489 128 331 191 159 328 421 352 215 465 474 379 395
-3.42524e+05 283 287 354 380 165 485 339 262 271 487 217 314 496 202 371 465 131 315 260 134 294 406 389 481 171 491 194 137 352 103 239 456 159 361 149 411 385 463 489 349 274 113 494 353 284 206 492 178 173 266 401 115 261 136 205 147 430 124 499 203 334 395 397 383 393 448 384 155 322 405 480 449 224 282 497 280 409 319 382 141 333 163 184 169 252 348 415 305 462 188 204 408 105 302 199 412 296 398 468 368
9.29000e+02 169 468 349 197 145 492 397 281 146 163 417 209 187 265 393 315 499 214 446 394 164 464 363 102 257 418 479 385 321 270 119 130 465 298 207 203 128 373 441 322 292 110 426 324 103 423 399 331 199 105 178 275 233 147 327 435 133 334 282 294 484 486 149 229 225 208 100 272 278 308 309 422 267 352 461 347 191 377 491 297 400 370 108 320 226 413 158 307 433 456 470 141 176 421 460 453 367 134 124 121
-1.76094e+05 405 388 363 458 223 205 269 496 197 230 321 398 181 178 262 115 315 362 444 272 406 287 286 434 259 416 195 392 203 166 216 401 339 132 250 184 400 431 407 420 183 373 296 141 482 206 254 380 231 358 201 157 450 456 229 247 182 117 126 102 309 100 466 261 323 164 443 350 486 136 387 113 227 240 148 171 125 122 152 480 379 370 368 268 212 215 202 474 304 318 396 236 191 279 341 295 461 199 192 260
1.27900e+03 429 174 467 417 478 473 176 290 307 496 189 477 346 106 223 263 121 355 108 399 460 109 420 491 494 453 459 184 347 261 383 337 232 280 301 234 475 495 315 210 197 462 308 386 416 372 190 410 219 159 321 405 286 249 457 243 404 436 157 398 160 483 130 317 325 239 262 492 461 141 395 310 181 206 228 385 365 329 126 304 331 119 161 468 270 488 122 471 293 481 397 434 340 175 353 413 394 359 489 288
3.54449e+05 119 295 296 309 169 218 202 496 159 491 459 129 402 249 434 431 445 250 216 358 108 143 140 433 114 436 364 154 493 136 176 369 397 325 163 284 314 333 435 187 420 172 486 481 410 186 116 499 268 126 276 254 327 170 165 386 211 344 395 270 261 343 317 304 483 384 217 319 458 338 255 454 256 380 228 337 404 120 150 280 105 416 236 362 495 377 139 279 497 357 450 341 229 383 133 273 398 455 345 109
4.93657e+05 127 487 338 364 131 448 224 269 490 118 493 283 202 254 260 398 190 405 100 215 182 206 427 105 247 174 289 401 360 197 426 428 318 400 218 192 160 236 424 255 357 499 348 442 159 362 377 138 476 483 212 496 343 132 169 268 264 161 370 311 186 365 473 253 481 455 331 456 284 361 317 263 153 259 378 246 244 389 173 385 335 308 288 126 470 270 347 168 354 205 271 449 175 141 170 497 332 310 495 119
1.59200e+03 423 113 173 355 115 300 434 131 136 132 184 380 205 402 234 329 189 179 397 465 256 324 487 250 178 310 306 275 392 348 231 400 440 291 226 265 220 260 464 252 409 405 315 106 294 356 420 240 150 138 449 322 228 232 127 470 448 242 243 289 407 388 373 227 390 297 259 426 269 435 143 336 264 148 330 439 238 193 245 334 117 169 172 186 375 484 187 253 105 320 305 285 387 182 321 328 338 461 246 411
-1.75001e+07 185 364 447 498 126 189 424 335 247 418 348 230 450 345 221 448 194 113 226 400 472 311 341 436 282 322 359 356 129 433 439 107 374 296 301 445 493 120 375 220 115 469 179 145 275 110 392 269 444 289 440 240 106 286 175 233 474 456 104 227 119 159 459 260 360 329 415 117 182 410 242 361 310 352 312 358 471 237 334 181 225 442 393 191 278 288 464 176 205 467 425 460 480 495 248 451 302 462 397 354
1.25200e+03 299 457 217 464 495 477 202 403 389 325 213 288 461 156 385 311 187 304 140 165 328 160 354 272 470 280 135 324 125 364 435 499 391 440 111 448 271 485 145 220 465 129 199 141 322 225 172 446 425 276 215 483 408 362 114 455 412 370 395 150 382 120 143 270 349 142 303 418 400 405 318 432 261 343 422 396 411 373 340 112 224 256 394 138 320 197 423 265 315 289 166 301 453 167 153 121 330 444 331 251
1.47000e+02 172 436 320 355 376 194 135 327 232 358 242 368 161 275 304 331 216 334 463 465 182 169 367 287 276 476 164 439 312 181 253 221 292 166 466 204 495 397 399 222 407 266 178 104 245 116 281 328 254 388 140 479 310 302 392 198 138 417 416 205 241 185 386 177 117 486 262 303 365 393 315 109 433 452 374 457 283 237 153 199 402 427 330 314 271 145 191 387 108 282 395 468 146 494 337 492 445 195 147 313
1.11498e+07 413 359 404 349 163 250 432 135 233 226 401 394 259 228 287 212 350 450 155 236 415 337 365 153 427 460 343 187 304 147 154 378 332 382 134 112 254 494 200 319 217 422 174 227 396 156 306 374 159 271 283 221 437 234 303 179 192 140 290 128 395 390 272 314 470 152 439 242 276 420 307 451 172 175 480 149 235 444 223 209 260 123 443 354 121 133 158 484 326 285 433 162 403 269 431 440 101 207 164 357
1.20930e+06 163 304 446 456 383 224 302 198 287 421 325 374 398 121 464 462 346 234 419 442 356 393 240 335 103 331 319 403 365 483 230 422 373 241 124 376 339 396 194 367 110 276 440 232 436 437 256 348 429 435 303 416 424 270 491 480 203 223 466 186 439 231 212 448 115 307 271 227 386 160 177 144 239 264 327 321 410 309 266 225 119 290 475 279 477 295 326 293 415 274 170 125 445 176 284 272 294 158 426 148
1.13100e+03 258 404 462 409 144 214 117 154 187 272 165 447 227 349 153 183 191 222 235 200 369 135 156 312 298 261 433 310 280 340 263 470 244 203 315 444 484 299 477 321 112 176 249 105 390 288 456 417 316 252 275 418 344 286 329 400 403 297 166 121 475 458 319 290 114 301 360 253 499 276 491 488 240 368 467 243 238 178 205 233 314 389 438 230 138 402 110 476 393 459 365 377 408 442 481 328 207 281 241 407
2.39225e+05 228 404 381 393 410 315 134 435 309 465 230 335 141 480 131 481 373 271 219 132 495 119 349 420 383 156 128 473 268 237 129 222 290 395 334 483 307 472 276 392 330 385 127 436 434 431 170 415 301 214 303 311 398 477 424 204 202 225 262 191 329 194 302 150 488 133 130 336 275 403 215 135 274 144 200 493 490 238 217 370 193 363 158 241 474 427 438 227 498 124 155 279 417 281 371 251 382 231 413 172
2.40800e+03 215 257 133 299 428 378 101 208 247 474 109 334 438 484 187 129 430 289 263 455 197 237 312 411 346 405 387 298 183 331 283 492 118 398 355 486 309 218 113 199 204 370 224 409 313 343 395 333 373 422 360 182 176 301 432 381 469 375 270 235 453 223 388 249 476 440 349 332 406 271 121 267 293 184 236 226 152 225 288 128 419 179 134 102 414 245 300 234 243 451 382 213 447 436 433 161 284 458 467 466
4.67643e+05 482 423 157 263 232 447 490 244 307 228 137 376 371 130 258 394 320 296 249 374 215 449 403 309 305 194 467 112 173 318 106 412 382 216 341 415 325 241 297 427 489 283 385 473 451 433 373 253 410 108 290 272 306 475 323 287 182 105 295 210 347 425 299 141 103 402 406 391 115 226 456 384 111 239 344 133 443 497 160 269 437 131 441 281 107 164 132 237 496 387 408 102 261 203 431 230 313 335 291 181
-8.47600e+04 275 487 295 454 413 202 187 497 332 203 326 182 107 483 472 300 432 495 310 439 181 367 196 219 259 205 345 239 355 222 422 248 220 135 449 273 297 433 227 416 126 276 213 337 438 442 392 134 145 489 357 282 159 469 209 484 147 369 348 268 478 221 212 343 436 294 365 440 291 272 381 240 437 461 254 287 277 448 299 255 151 265 480 314 260 166 112 225 375 334 407 124 129 233 256 372 462 352 395 362
9.54000e+02 359 457 354 224 311 405 411 180 164 395 245 447 329 338 470 271 117 366 220 158 303 420 104 194 425 261 118 335 484 360 412 138 396 358 392 459 289 454 431 175 407 255 243 237 348 105 379 327 368 378 113 485 479 388 265 331 441 355 123 198 353 385 326 233 163 370 380 214 277 406 186 314 402 320 162 125 472 249 260 199 238 268 120 132 153 253 397 463 210 204 349 173 185 471 339 455 227 102 492 438
-3.78000e+02 404 465 335 203 206 425 259 125 292 494 481 175 115 477 156 484 152 208 223 351 384 131 437 367 333 179 260 456 114 345 139 450 475 236 191 226 403 116 376 278 329 305 105 364 400 398 187 307 319 421 176 350 177 352 483 202 185 171 293 413 109 266 482 412 138 324 157 440 135 461 246 361 498 389 492 323 399 438 336 141 165 429 234 183 426 233 394 347 107 104 318 216 370 101 194 221 197 332 330 199
1.56900e+03 229 231 486 216 182 131 151 190 154 369 333 225 374 153 152 206 366 155 314 401 228 353 192 169 430 160 338 186 253 287 277 135 273 419 402 262 440 224 441 373 188 143 442 204 210 379 118 358 242 464 290 452 238 381 201 411 259 416 385 122 139 105 187 489 393 329 463 267 302 410 456 164 447 399 345 281 221 239 421 233 157 380 431 240 101 266 444 301 318 309 494 170 478 294 140 349 328 110 261 472
8.58000e+02 229 309 213 467 160 432 340 182 461 330 163 242 219 152 251 287 358 190 464 400 409 124 480 479 139 250 491 442 232 231 352 361 105 253 359 264 206 407 138 289 127 460 426 212 226 260 279 262 328 474 254 302 135 153 187 171 297 161 259 391 136 404 299 272 490 167 488 434 451 355 177 162 147 300 316 487 459 133 414 274 225 143 216 281 353 108 248 156 311 368 205 471 134 412 201 112 271 445 335 387
1.87100e+03 492 393 247 422 404 205 169 160 308 464 468 497 427 272 442 321 203 185 421 328 263 229 448 389 409 177 198 451 107 481 374 196 254 449 146 187 287 457 345 339 364 465 388 324 411 120 166 463 460 154 113 225 216 214 104 199 190 476 327 204 102 171 341 454 133 111 281 183 415 486 244 266 131 477 233 267 487 209 276 474 382 317 179 378 406 161 260 337 386 453 445 405 226 212 314 156 313 297 188 417
1.98000e+02 407 386 255 406 148 316 391 476 135 405 224 210 368 141 455 363 488 172 249 396 226 134 359 466 277 120 485 229 244 211 462 108 358 350 319 298 261 433 379 497 446 385 282 271 312 221 361 460 205 436 291 186 305 128 481 390 272 373 295 408 180 137 317 281 238 116 132 393 296 195 471 499 115 351 250 383 121 109 269 364 472 313 192 198 131 418 263 220 268 468 168 404 253 181 376 374 411 403 310 336
7.84807e+05 469 112 373 290 488 482 176 367 390 470 384 437 358 364 465 226 446 118 301 212 320 375 496 370 333 241 354 294 491 162 270 401 277 262 190 134 402 428 254 237 227 387 114 331 250 334 485 303 200 386 265 160 149 418 403 284 376 313 355 264 260 292 366 420 350 236 107 442 279 475 393 440 489 195 422 360 336 258 141 467 332 218 293 244 483 229 381 132 479 459 287 156 196 486 106 199 453 378 249 399
8.12000e+02 225 449 215 402 226 497 154 435 135 484 199 472 491 107 466 439 106 289 166 267 246 416 155 440 282 133 332 139 231 169 320 280 249 344 355 397 272 178 118 196 141 474 211 386 311 116 404 187 342 370 184 313 392 210 499 338 245 115 336 260 493 479 198 486 232 396 445 261 321 228 456 310 182 101 317 164 253 193 233 275 383 361 422 285 326 468 283 372 158 171 475 284 393 319 329 286 382 378 476 248
1.35000e+02 243 162 489 198 293 339 322 365 149 376 429 450 248 375 493 201 264 421 238 193 280 272 210 283 298 335 143 428 417 361 167 402 430 386 438 465 374 372 356 166 330 221 263 437 452 497 387 422 133 150 378 329 480 186 445 246 261 185 441 463 164 477 229 466 391 442 155 199 109 323 434 436 184 227 304 373 291 334 423 121 461 197 414 270 232 242 105 444 192 449 360 474 273 312 282 148 308 187 269 319
1.55900e+03 258 380 433 233 343 308 172 391 279 481 111 321 413 130 190 144 301 271 210 399 387 106 404 269 402 239 464 182 417 326 494 270 418 353 228 492 159 439 372 227 102 369 185 174 447 240 176 440 310 314 395 486 238 473 316 360 419 475 184 204 313 123 318 192 393 331 179 272 412 278 327 131 217 262 232 128 415 219 297 448 108 480 235 344 143 336 454 311 288 244 329 306 100 229 409 129 250 351 384 264
2.07000e+02 407 286 384 473 222 218 356 458 424 199 177 188 311 466 438 476 101 351 285 344 257 157 181 211 273 132 217 200 147 430 266 336 312 133 446 331 414 307 330 115 270 482 395 310 453 382 139 209 432 491 148 425 202 364 462 417 253 293 118 240 298 236 457 220 309 400 397 419 342 146 332 354 338 497 498 427 212 386 472 396 392 429 320 490 499 184 225 167 454 263 171 447 445 122 198 363 434 355 294 223
-3.06000e+02 429 119 114 246 356 212 399 421 277 439 327 464 256 377 420 453 175 250 210 167 392 130 208 370 445 474 408 115 224 374 117 455 296 470 329 267 345 332 310 398 380 215 278 313 334 406 305 339 477 103 249 188 417 447 268 100 442 394 490 489 358 461 264 170 486 383 168 154 279 293 449 105 197 226 390 493 236 183 200 193 428 308 467 294 346 480 364 397 431 270 186 324 128 162 475 469 280 385 405 108
1.43384e+06 187 270 136 308 482 224 250 330 295 365 273 352 210 271 169 186 343 235 403 138 275 347 148 208 263 361 459 242 119 463 156 429 261 454 464 315 112 221 106 300 419 339 282 394 234 110 246 199 255 125 201 311 379 262 137 121 406 434 101 206 153 414 307 391 397 215 281 294 369 486 193 320 451 349 432 229 474 353 427 384 435 103 373 204 497 151 226 438 274 183 341 476 143 116 296 442 260 194 491 402
1.59000e+02 280 337 294 263 251 140 105 259 108 394 444 144 139 459 323 374 169 347 191 344 462 243 376 132 285 461 362 195 423 329 428 228 103 167 153 242 460 314 321 293 279 406 215 413 327 395 249 235 187 213 332 402 340 472 432 176 491 116 109 246 200 470 138 445 115 343 373 157 204 345 452 258 477 110 422 439 284 173 299 295 117 102 407 168 308 101 111 433 124 274 208 227 457 172 278 456 483 239 325 234
4.88082e+06 363 261 252 398 127 497 165 192 409 107 210 435 294 474 327 255 130 450 276 228 466 335 297 319 377 463 140 338 273 291 155 174 212 269 268 194 287 498 196 336 405 103 144 312 315 391 283 300 286 301 143 380 361 362 245 195 421 256 248 425 204 158 136 343 169 271 321 184 182 360 180 216 124 478 325 305 125 128 258 230 234 339 282 424 274 281 416 381 266 142 333 148 123 404 349 151 417 371 289 193
5.57342e+13 416 214 108 445 285 277 263 433 375 226 327 359 360 101 105 412 254 343 347 151 362 409 157 265 113 474 317 163 444 452 187 132 300 191 120 451 161 245 202 160 401 414 211 354 424 179 440 237 276 248 333 394 199 253 311 162 393 251 357 119 258 425 271 149 133 307 242 491 141 194 338 154 310 388 200 243 366 221 236 403 166 387 459 286 212 278 190 175 356 363 303 143 227 485 206 342 279 153 104 204
1.88600e+03 422 164 319 493 175 211 350 330 236 123 162 396 428 410 265 257 411 429 186 385 153 378 316 214 262 223 136 239 469 158 209 305 149 206 491 314 277 476 219 485 181 437 344 135 156 348 194 346 191 444 336 392 433 497 339 458 108 333 120 351 496 129 280 208 365 148 360 447 230 140 207 407 205 448 212 198 389 358 486 178 441 138 261 328 150 132 290 195 398 427 203 425 372 269 494 302 405 343 192 204
6.94000e+02 143 225 490 173 443 297 163 123 328 352 322 437 226 117 283 205 275 366 190 308 433 122 183 146 195 198 444 475 455 358 287 409 499 474 348 321 253 419 382 298 124 390 471 248 439 435 488 391 473 343 281 285 222 279 477 305 273 354 329 485 304 401 318 101 264 492 339 149 257 202 454 371 425 263 341 442 203 152 302 280 211 179 480 181 214 130 157 271 330 320 347 162 141 410 245 350 212 467 290 255
3.99000e+02 258 419 439 326 170 236 340 216 209 330 202 215 416 173 276 347 374 211 369 219 332 450 468 226 408 197 113 404 489 344 309 101 436 155 178 103 296 241 313 459 147 428 361 358 322 204 230 249 275 420 115 454 430 351 414 220 196 206 223 325 179 261 299 143 271 334 287 470 253 480 150 145 396 267 132 442 124 466 382 112 107 492 265 497 177 455 401 349 193 452 317 337 175 494 130 283 388 418 445 437
1.75100e+03 330 258 353 199 470 312 443 192 459 406 323 308 487 450 466 318 170 355 449 189 360 362 208 196 421 490 463 132 207 435 351 309 447 161 298 206 374 295 313 229 369 413 122 471 221 112 174 332 137 163 340 146 186 248 433 164 217 404 303 201 316 454 408 354 372 155 458 121 438 118 368 306 171 223 474 266 159 325 180 488 442 457 387 448 168 357 437 185 378 204 145 119 237 247 236 214 416 126 419 420
1.17873e+12 107 212 343 403 377 265 260 496 444 485 192 123 276 409 495 108 380 135 387 253 419 115 398 302 451 187 119 437 357 127 469 438 346 189 301 436 136 415 489 176 328 141 281 400 284 110 116 362 418 257 441 205 354 264 146 446 421 211 401 351 334 172 424 363 182 274 460 482 165 210 173 153 292 410 144 161 492 391 402 299 368 374 178 310 369 271 126 180 240 223 481 463 414 405 168 124 413 237 109 429
1.00100e+03 426 367 240 209 337 499 119 302 174 376 123 112 358 263 215 374 182 476 488 435 120 285 364 158 220 352 447 303 297 184 266 255 254 238 111 241 392 327 223 373 491 137 412 146 355 307 482 178 366 336 308 249 422 396 226 457 159 135 438 154 163 425 413 173 460 206 130 309 331 231 346 348 218 442 462 213 469 449 436 202 122 197 145 417 494 434 456 133 401 459 183 428 464 166 272 156 465 497 144 198
4.47000e+02 331 266 483 114 249 133 467 317 327 156 169 126 458 242 277 257 157 190 408 413 445 172 296 245 290 499 124 276 384 407 485 386 143 155 125 310 184 212 101 321 363 302 409 482 100 175 444 340 450 272 354 428 123 387 376 380 433 472 145 438 261 221 288 468 459 423 477 391 308 372 244 176 173 314 471 382 294 430 192 228 219 328 461 254 342 453 168 270 424 443 159 144 439 269 489 180 248 466 318 199
4.38000e+02 340 324 299 273 109 159 428 205 264 289 347 157 336 187 385 284 116 467 162 451 319 233 386 381 276 258 397 469 473 416 335 179 142 260 444 434 115 483 225 248 329 234 211 253 378 364 436 300 242 314 203 168 238 236 465 271 410 427 190 400 412 112 123 398 241 479 496 170 126 213 182 452 358 119 173 447 313 244 419 407 127 328 481 318 413 485 312 298 489 154 224 184 219 333 189 437 279 490 305 317
2.77800e+03 170 257 110 224 402 215 302 458 354 353 397 325 432 340 143 251 204 230 238 151 375 103 153 494 304 220 389 451 184 142 496 185 117 264 263 197 303 477 169 475 223 342 244 438 441 136 442 384 374 465 262 284 401 379 484 425 416 100 454 345 376 189 149 499 440 316 306 333 217 132 331 114 497 176 213 167 498 105 341 474 337 267 161 276 271 311 328 392 320 163 270 418 127 256 260 156 282 483 296 437
1.25900e+03 336 226 436 191 496 472 440 437 217 357 188 427 210 182 419 324 209 237 481 249 110 441 442 465 108 164 494 200 455 297 284 202 228 144 350 176 327 425 422 239 443 259 493 190 328 295 246 409 376 143 177 399 298 216 155 184 311 261 414 362 432 483 388 224 439 290 183 462 408 349 276 452 475 234 303 107 161 302 294 489 405 497 240 402 423 361 245 334 285 193 218 358 253 275 317 401 257 321 330 258
1.14000e+03 240 235 456 360 407 161 310 140 193 477 263 139 403 165 236 222 290 173 339 274 194 146 449 279 195 392 448 365 409 302 294 441 483 208 280 356 215 480 325 320 220 446 361 259 370 329 429 253 313 306 315 439 106 384 270 330 353 491 242 463 164 346 178 308 399 359 385 169 393 117 301 210 408 218 217 322 345 340 260 141 354 229 425 244 452 303 418 332 390 177 182 357 387 451 257 335 305 453 133 432
2.03000e+02 477 178 330 255 319 353 105 422 115 191 237 149 433 428 291 441 236 258 285 349 114 460 249 261 223 101 331 494 363 234 324 295 181 493 373 288 386 245 109 225 193 454 462 342 183 235 107 283 198 357 211 435 423 180 131 407 182 215 137 106 279 329 414 481 465 473 434 214 459 364 483 162 491 489 126 343 145 366 230 172 133 352 340 270 492 129 405 478 175 272 282 406 251 408 246 450 334 440 121 216
1.71549e+07 202 492 423 353 375 274 200 119 383 188 430 398 172 125 254 132 418 401 263 332 155 318 195 497 257 169 464 485 404 231 326 421 109 262 173 410 384 376 389 199 211 328 457 461 135 163 310 331 341 462 298 317 312 137 386 348 407 478 338 481 387 275 313 145 267 103 304 438 352 357 150 371 385 456 236 186 496 437 319 494 344 176 230 265 306 488 345 223 408 480 420 178 440 247 327 201 433 110 252 161
2.48566e+05 339 241 491 156 201 229 420 288 358 155 203 328 232 281 102 391 183 361 121 411 329 422 397 357 466 138 221 133 455 317 489 399 112 375 382 198 234 292 311 171 297 309 235 390 333 359 117 242 499 443 129 260 482 439 414 384 187 298 118 226 104 426 277 119 132 236 252 159 158 110 432 331 346 107 176 458 465 470 105 401 484 478 123 269 165 258 327 254 272 334 307 195 116 224 349 293 166 469 134 291
1.82491e+15 495 144 237 337 300 255 361 468 370 490 328 265 140 186 240 206 276 106 147 319 470 432 133 139 243 441 459 491 353 486 189 198 199 185 246 247 453 126 377 385 380 494 107 207 148 155 127 239 378 424 439 464 150 452 232 348 436 285 467 331 499 268 440 330 228 292 115 311 289 434 257 291 262 211 428 465 321 167 101 411 238 288 160 201 356 355 339 188 114 338 421 417 317 273 182 224 245 227 323 393
6.37000e+02 335 147 485 354 398 482 429 153 494 104 134 451 314 254 378 266 368 206 162 362 351 431 122 407 139 377 474 422 327 285 388 166 365 154 373 438 332 419 455 423 224 274 409 450 477 303 131 168 370 336 290 205 143 489 252 437 463 265 459 114 321 203 236 312 296 495 499 374 326 163 115 277 158 192 415 132 155 414 486 172 179 390 488 383 391 160 110 170 340 235 462 307 279 487 460 301 197 472 181 448
3.40200e+03 344 260 440 422 410 195 162 213 427 232 258 379 449 450 230 297 155 103 186 343 229 488 115 178 284 439 401 465 137 470 111 138 382 432 279 191 215 426 347 105 181 253 280 389 338 496 168 221 460 433 173 378 145 462 491 209 445 158 454 369 452 264 434 120 125 451 250 481 318 408 243 287 163 387 277 247 425 350 474 494 271 222 308 228 126 455 414 188 246 141 419 205 417 331 359 132 190 152 412 288
3.78000e+02 386 137 198 265 271 163 123 295 286 317 184 164 100 169 192 447 162 354 152 404 285 400 378 466 381 480 399 247 467 273 361 475 410 263 412 397 146 183 221 116 181 228 302 345 225 128 299 391 245 208 416 289 374 336 143 314 112 202 418 321 356 468 353 489 436 135 319 446 407 213 248 279 103 287 348 117 338 379 449 426 450 129 415 229 237 215 267 341 470 393 365 343 490 473 138 394 396 306 226 217
8.03130e+04 402 384 137 267 129 359 447 256 439 183 363 174 169 113 497 428 237 435 260 345 189 210 144 119 469 293 429 351 177 101 481 200 132 262 373 418 298 370 425 121 395 463 414 478 304 421 287 153 356 199 355 315 313 279 142 240 160 445 422 364 441 115 253 100 409 344 110 327 393 310 401 201 317 450 268 420 483 467 434 407 438 170 308 374 324 103 286 462 211 459 195 333 473 165 296 340 399 147 254 492
1.94500e+03 495 253 425 191 400 303 475 452 307 462 457 166 213 327 261 278 120 429 404 129 176 453 322 436 273 488 218 182 228 162 415 105 223 141 133 290 363 405 300 187 281 370 356 413 296 422 195 170 200 197 309 391 418 347 353 490 194 287 109 204 132 394 366 389 354 159 215 432 412 338 486 463 306 344 142 460 424 186 283 156 374 458 362 216 320 390 275 456 371 368 220 498 383 234 373 209 222 435 377 292
5.28000e+02 142 298 231 366 180 436 363 448 419 457 335 163 120 254 304 401 440 250 247 126 334 300 402 423 429 285 306 485 480 230 498 262 341 445 328 181 464 388 466 245 109 243 203 110 332 326 428 391 232 184 116 456 131 268 167 394 437 106 310 359 320 356 221 370 197 364 449 302 471 255 139 291 311 452 212 145 179 220 314 173 242 276 472 153 379 274 119 465 224 496 486 495 461 315 122 263 290 215 415 135
4.54000e+02 143 365 417 219 182 174 128 261 440 230 415 435 387 179 369 485 404 145 376 468 358 186 150 441 411 204 347 115 450 139 418 390 423 264 125 184 430 420 166 180 494 321 237 327 359 353 477 429 459 341 162 436 217 385 269 212 221 403 311 159 105 357 483 236 147 154 322 284 381 254 268 493 473 406 207 337 287 319 427 303 169 442 455 392 226 191 343 447 188 302 167 453 142 157 201 278 130 209 218 443
4.10000e+02 214 176 273 460 265 401 389 300 202 222 152 104 319 236 326 189 207 206 200 132 432 382 168 294 354 397 441 174 444 161 363 342 261 321 107 479 138 420 227 117 380 110 238 437 378 226 339 418 141 213 108 417 147 336 193 164 343 357 433 361 182 128 353 148 285 173 266 230 208 101 210 391 233 473 431 159 293 244 204 177 171 229 313 123 163 488 374 351 430 388 395 347 404 383 302 267 392 172 399 385
1.61469e+05 120 393 420 177 398 206 139 300 292 261 449 499 225 166 365 103 431 468 381 372 411 327 302 190 129 153 447 378 122 400 342 180 390 413 320 118 387 269 126 255 417 353 212 452 149 263 228 435 160 232 408 112 397 154 392 354 284 406 275 305 337 389 489 168 113 418 289 421 162 348 341 155 133 460 243 410 159 358 405 115 187 349 483 339 477 278 459 464 291 221 251 238 142 325 151 465 295 427 182 310
5.28240e+04 179 230 312 340 454 430 378 363 453 203 238 471 469 472 229 176 419 330 394 429 270 344 336 107 116 154 408 223 181 259 316 211 283 139 133 377 482 228 232 184 173 434 478 302 217 334 117 201 106 237 463 458 101 190 289 224 215 364 372 137 149 166 349 431 105 141 495 178 355 188 492 145 379 476 460 396 393 245 282 462 206 250 389 317 480 159 161 212 310 395 404 127 457 376 383 294 485 126 123 477
3.43799e+05 396 155 197 454 278 485 151 163 339 298 158 192 325 247 275 427 369 474 341 352 446 255 184 410 203 309 470 442 440 130 127 301 320 115 452 434 353 292 209 397 273 268 137 231 252 258 349 293 460 399 135 443 240 319 400 386 140 407 307 366 116 433 180 282 431 215 117 426 269 416 390 285 444 405 436 101 109 159 466 429 449 420 387 182 147 276 378 157 232 314 421 193 323 246 206 280 359 104 106 357
