-1.27000e+02 455 492 345 572 875 775 978 603 503 617 246 645 848 961 878 983 148 814 626 450
8.47000e+02 744 786 329 252 227 969 641 883 437 911 134 991 939 956 745 341 619 274 139 605
2.04031e+08 122 197 368 782 888 666 495 353 524 609 373 234 454 229 149 947 214 533 572 112
-4.66000e+02 663 919 188 786 289 573 304 352 554 567 481 902 920 392 941 142 110 396 598 969
6.07000e+02 244 680 544 591 621 211 395 488 790 147 865 826 226 393 627 961 388 362 546 455
-1.05600e+03 979 745 351 839 476 508 497 131 484 166 259 315 692 488 862 840 753 524 382 770
2.38200e+03 656 481 376 131 615 126 116 704 592 924 853 168 589 459 378 315 762 314 163 844
6.51000e+02 161 211 187 615 646 399 652 528 881 102 867 920 454 896 286 740 687 723 268 728
3.10000e+02 487 785 751 114 979 102 650 609 458 267 497 664 768 493 465 781 688 314 981 580
1.36055e+06 211 720 269 687 768 483 700 737 798 512 309 709 634 980 273 205 815 262 448 931
4.51000e+02 860 235 167 766 305 261 687 918 701 345 642 435 605 204 278 245 362 968 966 759
1.25800e+03 512 653 588 551 810 284 745 461 823 630 106 321 850 553 856 305 954 918 233 846
-2.64947e+05 242 894 841 719 538 129 897 904 670 692 835 144 837 375 712 731 142 881 357 160
4.94000e+02 244 710 603 356 546 671 110 724 690 457 300 921 362 569 153 602 398 387 472 401
7.06000e+02 578 666 225 283 438 863 986 856 835 746 779 251 867 667 439 677 145 422 711 797
-1.06300e+03 328 102 895 215 645 671 194 112 808 908 545 887 769 475 294 943 728 903 896 913
3.11500e+03 567 905 843 285 203 977 306 315 321 199 346 383 238 265 450 817 128 123 765 514
-1.05700e+03 262 813 439 419 815 466 301 126 913 432 351 857 718 804 353 650 117 160 572 888
8.95000e+02 894 735 236 441 480 800 374 206 212 305 393 341 731 295 349 548 638 783 830 117
2.41243e+05 594 678 638 551 533 625 836 428 770 501 139 989 897 223 221 351 479 872 337 786
-7.37000e+02 222 127 416 636 814 846 524 113 165 183 677 913 368 694 379 405 569 200 970 590
4.31200e+03 824 885 529 715 821 883 913 247 879 911 847 405 609 934 463 389 189 511 857 141
6.78854e+06 944 573 520 934 701 427 231 195 399 352 833 896 134 792 777 849 760 155 345 623
4.92000e+02 158 184 272 867 254 282 154 536 764 768 192 999 657 206 314 150 540 839 974 501
2.37000e+03 451 225 855 444 553 579 904 649 943 667 668 835 133 941 604 251 806 192 360 651
6.89000e+02 173 593 793 673 568 232 601 457 544 388 177 840 838 140 702 176 585 851 220 196
7.77000e+02 454 881 475 943 752 755 787 857 477 259 355 906 888 141 160 923 183 279 295 608
2.11861e+05 118 753 363 428 180 789 875 758 972 951 142 959 318 221 184 274 432 452 830 673
4.24000e+02 865 687 394 441 601 680 644 439 494 648 110 628 240 484 146 459 616 444 726 134
3.84200e+03 738 175 741 514 247 587 253 566 573 122 923 533 420 434 643 524 730 916 229 896
8.56700e+03 999 356 777 430 473 825 893 407 551 537 176 685 692 974 782 290 707 541 626 277
1.03540e+04 952 829 828 893 411 561 241 974 805 160 410 599 979 418 303 488 233 556 569 293
1.26535e+08 381 125 878 392 619 671 518 127 139 235 789 743 367 250 291 549 281 558 365 542
2.93142e+06 265 367 713 822 724 177 155 663 548 251 996 431 412 413 441 515 671 999 465 123
9.62000e+02 999 789 132 961 203 276 644 971 384 701 246 192 258 618 697 827 612 426 832 920
6.44000e+02 415 388 665 420 187 805 373 624 759 256 822 534 678 720 265 604 280 725 123 133
2.63663e+06 847 502 318 845 495 974 918 333 458 825 324 440 802 817 997 283 376 916 184 310
1.65000e+03 892 501 446 905 261 549 324 781 747 199 234 350 151 250 857 110 269 279 997 702
4.48300e+03 554 692 769 261 461 150 375 420 251 682 447 121 737 297 960 923 659 653 277 138
4.65500e+03 129 130 684 535 186 737 600 345 964 850 103 292 462 623 719 422 112 779 936 160
-2.39271e+08 745 748 896 561 740 865 586 944 683 544 134 367 304 244 108 240 946 549 360 571
7.35413e+05 978 891 285 200 405 763 291 786 784 298 149 717 269 720 767 798 417 885 674 173
1.94816e+06 960 882 872 176 645 827 118 633 965 819 590 843 104 741 372 924 449 517 665 107
3.55813e+07 742 257 577 418 163 341 496 910 988 143 962 726 760 204 250 762 149 654 865 493
2.33597e+06 182 156 346 816 880 465 928 590 114 759 617 791 519 240 761 673 288 744 717 398
1.32500e+03 205 367 186 721 495 549 949 560 393 778 320 370 552 483 134 322 616 158 701 325
9.82000e+02 718 516 324 492 221 966 382 168 431 646 909 820 996 789 307 187 379 847 708 939
2.21200e+03 175 571 168 997 332 338 484 602 351 495 400 962 814 993 452 469 893 265 365 242
2.38000e+02 278 715 817 566 201 455 626 565 983 491 829 722 576 424 598 149 373 755 409 405
-5.04000e+02 430 305 731 115 241 765 442 969 451 284 572 608 650 786 938 402 200 580 166 770
7.82000e+02 299 969 888 106 626 108 431 322 767 640 201 195 648 980 975 926 704 432 687 863
1.88796e+05 100 971 928 886 160 493 120 883 988 714 828 783 627 687 129 844 911 258 116 809
-2.68000e+02 686 909 211 775 907 139 981 280 174 506 447 588 410 325 886 155 597 808 231 960
6.11400e+03 561 131 631 167 644 643 122 254 440 843 938 458 247 652 308 558 954 515 450 404
1.16100e+03 709 286 281 168 150 544 612 741 138 768 749 617 192 134 270 701 811 458 137 977
-4.50000e+02 670 712 894 520 286 775 909 807 937 612 809 778 846 601 815 113 204 396 143 789
1.56100e+03 635 870 797 422 536 663 655 698 692 136 760 490 790 111 374 574 726 177 323 866
1.42800e+03 108 393 271 639 515 209 344 456 152 331 487 823 458 558 910 384 119 512 244 440
6.93000e+02 588 516 155 386 176 607 642 158 277 477 102 998 959 341 931 162 143 613 730 182
-7.93489e+05 864 642 945 641 943 437 635 387 272 313 420 863 319 751 932 827 838 956 727 364
1.73600e+03 410 377 453 275 269 910 507 871 904 725 530 253 518 917 658 939 766 144 752 967
1.89523e+05 463 289 682 904 540 685 585 690 335 579 768 827 133 434 735 587 998 501 380 539
8.81000e+02 769 537 653 902 365 933 238 109 226 870 558 199 702 243 887 494 102 125 890 597
1.67500e+03 586 509 557 844 998 199 777 620 645 823 533 330 652 752 473 527 102 196 941 933
6.11000e+02 499 839 120 269 263 816 574 144 466 540 732 337 186 801 210 127 421 285 172 772
5.70400e+03 783 543 973 562 504 628 499 561 912 412 980 253 171 201 861 936 283 536 468 244
2.87888e+08 702 178 472 595 390 167 328 134 494 660 646 751 215 965 543 370 900 578 772 105
2.25100e+03 393 524 243 573 255 620 216 854 463 249 918 757 844 842 180 941 212 337 708 688
5.34919e+05 629 737 346 664 453 513 402 538 731 485 671 319 189 706 221 317 509 646 325 802
1.51000e+03 503 538 490 371 418 409 332 398 115 521 385 743 135 768 740 790 454 805 717 928
3.97000e+02 240 974 921 197 914 472 660 919 874 246 241 997 283 158 565 962 794 177 262 934
-1.20543e+05 937 929 853 754 907 179 825 892 645 628 246 176 600 318 671 812 703 560 622 132
1.88600e+03 793 904 812 212 177 665 670 570 517 758 335 657 374 531 415 584 776 342 856 391
2.52355e+06 587 136 332 605 724 695 466 708 526 869 123 489 990 387 254 969 905 685 687 442
9.10543e+05 746 790 771 497 734 393 446 584 837 560 662 517 698 957 107 177 737 438 609 908
1.67000e+02 872 433 637 370 692 240 171 313 152 916 317 239 353 719 955 406 551 778 186 315
5.10000e+02 714 796 169 103 601 757 470 508 281 344 528 252 358 214 674 200 585 706 933 818
7.81000e+02 916 889 463 854 118 484 500 712 179 411 914 216 345 901 539 108 560 627 198 395
-7.32000e+02 466 342 716 298 310 169 440 281 794 845 401 643 683 217 761 701 857 800 308 404
1.11500e+03 704 490 856 521 267 575 462 313 250 461 231 670 349 916 630 631 780 257 406 504
1.73300e+03 730 888 866 314 379 848 229 708 473 638 323 872 245 652 345 829 682 871 843 665
1.45210e+04 142 813 389 238 502 772 900 137 605 791 168 729 844 244 815 632 223 386 891 814
-4.98470e+04 866 789 329 444 503 581 746 869 707 187 799 280 460 962 321 946 361 668 935 677
-5.85000e+02 651 697 322 988 587 575 816 396 289 570 514 121 346 699 436 468 704 562 719 340
8.40663e+07 327 927 267 240 478 102 747 921 182 985 258 115 261 444 834 976 234 408 381 426
-7.62140e+04 764 104 576 399 149 721 227 381 178 377 935 949 292 402 118 739 945 349 734 544
5.29000e+02 486 981 670 999 718 731 755 716 987 632 291 575 192 968 801 276 932 557 502 201
3.54702e+05 983 432 864 123 109 635 280 670 876 474 727 910 816 177 740 707 779 153 481 770
7.23000e+02 963 733 647 794 875 262 470 450 635 349 196 573 374 772 977 917 356 863 897 870
-2.17419e+10 415 241 413 561 389 268 850 579 779 253 162 122 433 841 729 381 473 503 697 418
9.74668e+05 263 806 227 982 571 696 584 561 822 678 566 414 439 692 695 815 503 843 882 940
2.52200e+03 627 197 882 929 838 349 589 841 511 135 570 376 138 157 535 906 705 403 886 978
1.38858e+06 615 469 766 168 532 794 788 293 725 147 807 189 258 455 142 409 785 657 237 470
2.19244e+06 566 113 800 185 854 805 937 631 238 527 765 665 761 558 486 791 118 369 780 495
9.55000e+02 906 374 581 221 202 296 458 546 350 201 665 312 306 645 575 626 128 236 617 801
1.35936e+09 449 415 871 334 519 488 528 523 276 480 915 747 731 989 262 830 908 321 929 668
1.12973e+05 807 236 334 608 849 844 547 569 252 930 980 590 254 533 165 804 359 874 540 355
7.57000e+02 858 924 915 779 749 156 266 645 140 347 959 456 569 655 136 465 480 537 130 555
-2.44751e+11 414 947 652 373 819 780 608 787 892 531 788 321 995 418 322 518 764 683 511 845
1.25200e+03 834 872 241 295 846 283 685 593 762 260 626 259 442 868 357 469 924 725 754 384
