-10120 53 114 54 110 3 64 80 92 63 32 19 66 108
10192 71 10 73 51 86 22 6 82 20 91
10512 96 155 14 147 171 95 62 129 44 40 42 75 22 39 72 7 97 156
-10573 107 64 2 78 41 87 47 94 6 62 109
-10649 54 25 120 71 133 126 84 45 66 121 14 51 109 65
10793 69 100 58 86 5 78 95 56 72 77
10843 116 43 82 21 115 117 81 87 89 25 7 61
10875 75 15 90 138 100 145 160 20 53 59 49 22 26 33 154 156 4
11273 119 141 116 175 19 159 106 16 45 180 170 129 38 105 96 147 29 66
11466 38 76 43 66 3 87 81 16 106 118 120 51 75
-11484 178 90 174 111 103 155 135 134 24 190 42 166 142 159 64 163 88 89 160
12076 49 168 29 17 19 174 186 101 92 22 117 149 16 72 50 56 41 40 99 18
-12525 44 177 76 29 40 63 25 161 50 97 182 87 167 166 118 156 110 89 173
12936 75 13 79 45 23 84 8 29 11 77 121 112 85 27
12997 64 117 36 28 33 3 104 102 39 99 45 128 2
13069 22 19 27 16 128 57 34 84 37 126 94 95 90
13244 51 96 35 3 2 98 56 55 62 53
13414 34 153 140 72 163 169 143 59 123 78 25 17 115 15 141 97 121
13438 101 71 64 122 38 53 2 5 29 119 14 10 134 90 62 109
-13650 34 3 40 62 25 43 36 91 108 6 12 112
13747 59 32 52 42 45 3 92 98 6 63
-14205 89 126 3 58 148 11 24 88 145 96 82 63 32 50 98
14358 110 106 87 76 33 129 75 39 38 70 117 127 32 3
-14520 4 121 78 117 8 57 42 49 71 33 20 81 129
14600 8 29 25 70 6 56 23 47 34
-14984 87 30 32 68 6 73 95 92 9 8
15008 30 112 74 107 102 63 80 60 104 48 11 15
-15330 130 80 147 105 165 90 25 40 155 49 159 76 54 30 55 62 88 47 38
-15620 146 114 110 48 99 22 61 136 5 12 35 43 144 94 51
16194 23 14 66 30 20 88 64 15 24
16366 66 167 115 44 58 2 21 164 38 93 124 131 119 50 146 1 48 22 98
16545 112 37 135 139 66 33 149 143 40 5 41 7 88 118 64
16690 113 20 38 39 51 73 77 65 75 96 58 34
16815 123 70 114 110 125 171 172 12 15 16 146 83 177 95 69 38 136 67
16995 94 127 79 110 119 115 82 90 70 30 37 33 103
17168 111 67 3 148 150 81 113 149 170 74 33 25 83 10 77 88 161
17906 57 28 147 96 131 56 125 116 5 77 135 90 42 79 86 81
18318 74 64 29 155 56 141 51 129 83 61 66 48 89 145 21 109 16
19050 169 144 9 113 106 152 112 5 140 159 107 67 143 127 149 51 131
20160 51 38 4 53 19 1 63 78
20565 86 72 48 154 132 141 155 56 24 19 143 139 108 78 51 124
21063 107 51 79 116 4 136 8 10 151 42 111 46 119 70 117 53 26
21503 109 138 34 55 71 83 129 145 119 160 90 132 3 91 139 110
22022 69 3 71 80 157 30 14 4 166 73 117 18 82 106 74 96 13 134
23668 110 51 57 94 126 109 105 71 75 11 119 84 96 122
25805 107 158 62 95 67 59 133 96 91 73 169 34 166 61 7 154 111
27689 15 95 9 94 93 50 7 63 110 82 34 27
28383 6 114 33 48 120 100 30 123 131 89 94 142 76 46 98
28957 18 99 46 4 109 8 10 82 91 55 48
-29202 149 169 97 182 123 172 59 1 10 176 150 78 17 157 40 26 60 12 2 84
30018 141 42 139 59 84 102 104 8 46 14 39 109 54 24 23
31467 49 15 17 28 1 73 42 87 36
-31996 57 28 9 16 137 160 127 3 79 91 20 101 192 90 128 185 135 122 54 59
-33070 153 33 88 97 62 29 69 41 137 87 147 27 72 61 128 105 106 157
33503 78 10 33 63 128 159 113 42 31 132 107 61 88 5 3 108 156 80 15
34880 34 3 94 104 5 49 7 123 59 89 176 132 125 53 139 20 2 119
35999 19 14 27 11 2 59 58 49 70 23 56
38347 147 42 140 89 10 94 171 53 162 40 79 151 93 148 154 152 25 138 44
38606 70 151 2 108 149 130 175 97 112 77 16 163 126 31 3 192 125 181 67 199
39403 9 40 149 43 104 37 152 91 66 30 67 157 94 136 7 121
40955 28 10 50 33 51 19 15 32
41309 41 167 175 191 96 21 71 186 35 98 31 102 113 117 193 103 131 15 39 121
43031 159 110 167 89 113 72 112 126 32 20 123 2 156 48 28 23 5
44357 48 54 16 2 37 39 43 75
-46750 94 78 53 20 77 69 61 89 6 80
-48048 26 20 64 66 2 5 16 28
-50571 52 45 22 32 58 37 43 24
51606 88 166 84 57 124 13 61 27 156 101 54 99 12 115 23 92 128 162 24 17
51939 72 195 198 25 142 191 8 177 3 31 9 182 107 166 192 106 101 126 20 49
53760 167 76 46 165 74 109 39 60 136 17 120 67 43 146 112 132 156
56160 20 122 68 154 121 108 96 49 60 100 103 124 123 116 125 22
67735 95 86 103 73 35 90 98 84 10 21 96
68310 135 111 7 115 74 140 132 131 108 154 150 158 99 85 62 71
69664 26 129 43 77 149 81 133 90 91 106 141 112 111 6 9
-70200 56 30 39 64 55 38 89 9 45 96 76
71478 65 34 1 89 18 43 44 48 9 45 79 69
71942 126 43 3 104 19 74 63 42 81 29 125 60 87
-72048 130 79 120 131 47 36 107 15 132 102 45 94 4 99
-73440 105 180 162 95 184 59 14 76 51 111 73 64 101 63 40 102 36 132 183
75945 42 25 49 2 91 99 48 74 94 62
77693 15 49 79 77 43 7 24 11
-78480 79 72 17 50 13 89 15 44 18
81120 94 64 26 6 70 104 66 113 5 93 15 36 33
81196 83 14 80 39 107 81 77 9 10 41 76
86768 60 72 57 22 4 89 24 99 58 79
-88102 95 182 180 42 59 158 54 116 31 98 86 164 151 167 74 13 139 90 137
-89250 102 44 140 66 73 46 34 93 36 5 166 61 25 141 32 155 26
92417 56 63 20 28 30 80 65 71 100 46
-103120 48 80 123 134 163 161 10 157 97 154 8 93 124 60 138 5 12
115384 34 2 60 3 53 76 33 49 31 14
-121176 109 15 71 83 80 101 86 56 74 112 27 100 88 24 52
123406 63 177 190 33 193 144 164 24 36 8 26 127 92 178 115 2 186 103 131 87
124110 94 98 7 15 56 39 93 92 117 74 38 70
131921 99 20 7 44 31 61 43 52 66 22
137350 15 61 44 76 10 50 27 41
139568 64 54 90 81 89 32 87 26 72
142635 45 119 68 86 145 46 12 97 61 5 82 27 187 136 134 59 162 137 142 103
143834 32 17 38 136 10 105 8 73 153 58 18 7 13 34 124 86
157361 90 49 87 105 72 104 11 12 60 39 26
158592 17 70 62 113 133 121 35 149 57 95 43 22 67 128 29 119 153
-166506 46 155 20 105 29 110 14 104 150 42 80 154 129 62 130 132
167624 20 89 31 68 55 4 47 61 6
186108 58 47 61 76 6 7 53 25
187350 1 56 92 37 73 156 117 11 111 190 184 163 58 138 42 39 143 151 43 150
187808 16 34 155 97 180 32 55 184 142 19 27 165 124 188 198 44 135 134 138 182
188740 45 34 70 90 87 55 22 74 49
189673 23 135 67 108 143 35 123 34 130 92 13 49 100 8 11
190181 120 119 142 101 53 27 137 9 1 106 144 102 11 148 69 156
199640 21 142 23 107 150 1 15 81 56 159 10 80 111 124 7 20 103 37
204944 126 57 38 125 115 74 96 12 129 84 114 44 102 99 111 128
219177 180 23 157 49 84 126 87 98 138 28 111 122 53 2 25 156 11 173 178
224254 78 12 96 4 111 26 28 61 23 86 7 45
-232806 16 66 109 86 63 31 59 32 94 22 20 23
233600 146 108 31 12 82 38 179 64 106 162 52 94 50 58 195 89 81 134 112 189
239095 26 53 127 115 68 56 52 84 27 8 36 112 80
259993 51 96 7 50 126 12 31 53 89 131 140 84 64 26
273980 38 50 53 35 33 10 6 32 67 103 107
276644 20 17 2 22 30 42 81 74 46 65
287442 29 168 15 21 124 132 114 14 73 89 63 101 8 111 118 127 27
299296 18 72 110 97 51 44 82 101 88 8 52
301630 30 80 54 31 81 62 37 85 76
304646 117 76 83 44 60 86 110 94 103 96 36 50 10
321919 73 30 24 44 51 84 29 130 107 53 115 59 99
333000 80 88 116 129 22 4 89 9 25 28 148 16 62 113 134 50
-343252 52 81 175 158 174 108 48 24 59 6 111 55 169 97 153 40 102 72 13
344960 191 185 166 16 65 58 200 167 126 168 100 164 154 79 192 51 193 45 1 119
374800 35 57 4 28 48 40 80 24 100 68
384975 18 33 74 92 64 16 104 131 20 39 96 139 153 124 55 77 59
394881 28 109 14 33 69 75 91 18 106 81 66 46
396680 36 67 60 49 109 14 47 92 100 75 40
497239 157 184 4 116 60 119 85 8 45 101 11 169 150 77 166 161 39 30 114
558963 37 62 24 54 74 112 92 61 116 110 96 14 42 169 107 51 29
-579880 29 42 50 14 43 149 38 31 7 60 140 123 44 108 41 148
582465 26 60 108 100 12 94 55 103 77 49 1
595531 75 16 73 4 78 92 83 81 6 74 100
651688 125 29 142 105 10 115 34 43 2 74 107 144 26 86 3
666802 10 120 88 99 90 35 47 65 56 84 20 114
725134 76 39 121 126 4 73 67 30 89 68 29 81 74 131
813228 4 128 114 122 47 17 121 52 111 84 108 76 78
851508 52 77 61 58 149 99 139 151 8 109 97 64 80 113 154 134
862429 142 148 126 89 85 79 42 136 118 145 93 74 13 6 48 11 151
923967 141 117 145 36 179 86 64 62 147 99 94 41 139 38 21 11 89 33
953730 12 5 13 8 60 90 82 19 77 46 131 84 128 71
978880 115 26 128 65 19 3 24 92 90 144 125 95 112 88 145
994267 144 100 171 95 153 162 23 78 1 79 39 117 64 151 138 59 136 30
1105866 83 68 57 48 4 46 60 71 54 96
1123850 56 173 150 139 182 169 142 153 106 130 52 69 102 95 31 135 90 71 148
1142287 150 93 55 123 41 68 100 112 133 33 58 143 43 64 37
1159380 15 73 24 40 140 32 30 36 114 141 144 28 29 20 9
1288430 81 143 92 97 85 131 68 126 110 46 148 140 106 116 5
1377600 31 174 34 177 26 15 51 78 151 131 8 109 143 128 105 165 93 41
-1380864 51 45 54 52 42 1 59 128 63 86 155 113 95 93 136 99 174 73 105
1451338 89 101 117 57 102 91 28 92 139 124 96 125 37 111
1678276 124 146 154 86 6 58 24 27 140 96 115 128 151 147 20 51 79
1727891 197 86 127 147 131 13 166 45 85 6 96 20 179 112 34 168 48 18 97 136
1739724 13 169 42 149 47 14 67 154 3 74 94 173 85 77 22 124 32 180
2182116 105 73 100 140 138 36 143 58 149 148 49 7 21 141 38 53
2253096 25 4 40 23 30 12 61 21 72 83
2412912 158 114 102 11 41 145 173 136 19 174 83 80 110 104 151 13 137 61 175
2518776 75 51 65 78 69 9 89 52 57
2830296 65 117 10 77 100 113 14 133 104 75 60 1 29 162 141 168 171 139
2985547 181 172 170 163 183 177 137 69 56 175 122 65 36 64 142 43 45 160 31
3256932 192 67 36 60 101 141 196 51 117 58 6 159 79 142 128 125 181 174 200 48
-4058704 76 56 45 79 26 18 74 88 44
4085552 144 142 42 18 129 112 145 83 67 96 118 124 134 143 169 163 73 91
4771566 161 9 40 118 30 173 180 47 105 108 124 156 53 126 77 177 27 32 54 81
-8611200 136 50 16 27 115 4 24 78 20 57 121 60 93 101
9552837 90 109 114 71 21 78 7 129 47 110 122 58 149 65 24
9686600 117 59 163 61 91 128 133 140 79 82 71 147 171 136 93 176 95 10 131
9771834 61 44 103 96 43 81 36 147 6 159 151 77 107 128 84 65 75
9966024 19 5 2 111 43 120 87 8 41 61 129 100 9
10526364 30 9 36 39 86 76 5 10 31 80 83 51
15278988 107 18 4 9 51 50 108 56 12 95 17
17698526 44 91 125 20 128 99 157 7 115 40 90 123 112 45 131 27 171 103
19592160 85 13 76 75 100 86 119 92 34 88 56 45 35 17 84 40
24869328 55 74 85 52 27 76 66 58 67
25426304 137 32 148 95 139 21 35 73 128 103 107 91 116 60 16
28057120 28 94 5 20 44 70 79 52 74 107 41
30701717 132 82 32 149 114 74 14 53 123 94 18 103 154 42 97 155 17 21
31083715 4 57 45 154 128 63 113 65 48 105 118 112 81 55 71 38 9
31621128 81 105 71 20 114 107 127 29 22 34 84 117 21
38861235 104 85 55 99 49 17 59 119 14 140 126 122 5 100
43607048 26 37 41 50 43 63 175 117 132 21 106 98 174 131 28 153 150 35
65444400 75 43 105 53 71 149 17 166 143 70 77 104 156 146 168 80 91
65907648 91 117 66 69 100 86 44 92 48 72 8 120
-100471392 123 119 161 47 93 179 61 107 130 89 96 68 31 129 172 133 34 113
208187280 90 46 30 73 48 84 35 23 26
275365440 87 13 185 91 106 145 158 96 58 15 110 112 30 150 160 14 57 135 45 48
593119800 33 105 70 102 65 26 82 131 12 45 30 109 111 97 71 86
670864194 101 197 126 11 41 4 61 170 166 21 117 157 159 89 185 80 37 183 13 173
1652214564 68 57 52 83 23 62 86 63 143 1 87 31 8 72 40
6878726400 83 58 188 165 71 78 127 152 53 66 74 119 89 98 2 90 131 117 21 200
