509 70 103 28 82 92 37 52 10 74 32 77
514 92 80 36 79 20 85 66 68 25 33
537 100 183 92 125 16 135 184 91 185 145 136 110 12 61 33 4 191 146 172 84
543 25 89 98 111 162 35 150 110 16 143 168 87 2 123 31 155 83
560 41 120 81 21 85 4 97 74 103 8 86 28 39
563 17 86 108 99 142 3 38 82 9 96 98 145 10 26 64 120 19
583 4 81 43 36 88 9 55 47 16
-596 63 88 148 163 48 62 146 149 83 134 46 39 120 147 96 18 20 90 177
-621 25 42 76 2 106 108 36 5 128 91 21 69 6 20
629 100 19 2 51 22 27 45 13 12 58 15
-640 52 70 57 10 73 20 32 60 1
651 114 79 143 71 109 144 146 119 135 35 31 123 93 34 26
665 66 62 32 159 27 5 34 99 21 133 90 52 10 85 167 59 14 163 188
693 57 60 93 1 2 104 63 123 19 15 31 96 126
701 6 148 53 197 58 188 3 172 132 20 41 190 22 183 14 179 171 156 161 151
714 84 19 135 8 21 34 136 30 13 18 20 133 31 116
728 84 118 147 4 128 88 137 9 59 2 3 134 132 48 13
754 13 33 55 17 45 58 72 112 93 59 107 9
787 169 91 160 141 23 183 107 85 123 190 119 18 94 42 75 113 57 13 138
796 41 142 34 169 89 94 10 77 154 119 148 134 28 21 124 7 132
-810 4 35 40 25 32 17 28 6 82
814 71 46 50 37 35 3 44 11
-826 123 20 154 165 147 127 47 60 63 38 89 52 129 22 152 148 74
844 106 123 118 115 66 1 98 87 54 19 74 30 50
-852 49 18 12 11 37 25 57 53 73
871 89 49 67 86 12 21 76 54 44
874 38 26 23 68 6 44 86 8 28
885 114 21 121 128 72 70 104 42 5 8 59 60 103 27
892 41 28 57 1 10 7 17 43 84 60
910 75 89 58 82 83 13 27 36 71
938 2 46 62 44 65 42 24 56
-955 4 76 57 49 95 113 55 78 117 90 21 65
957 88 36 4 28 79 8 87 11 53
977 66 88 79 30 12 16 93 106 109 5 69
-979 69 35 108 11 96 101 5 65 36 33 89 14
1031 71 140 73 92 1 129 6 32 118 59 131 69 27 122
1043 5 3 22 60 30 38 73 94 23 55
1050 70 34 55 3 30 9 50 21 77
-1060 137 34 113 105 116 17 5 31 9 134 41 51 76 106
1079 66 4 73 3 10 68 36 13 99 71
-1081 20 27 55 110 71 45 83 57 96 47 23
1092 21 68 43 38 1 4 78 51
-1102 152 57 85 43 169 162 58 80 19 86 26 105 160 96 166 139 47 29
-1157 80 37 22 33 15 52 68 16
1158 79 112 146 29 24 13 102 15 1 30 18 48 37 144 53
1178 120 66 124 115 44 87 15 12 107 46 109 8 74
1188 101 83 84 10 28 115 109 61 13 48 56 44 133 116 89
1197 30 76 147 84 13 2 34 69 19 70 56 26 38 138 50
1225 35 116 107 65 27 39 128 183 20 197 72 96 187 53 19 110 195 125 52 68
1226 46 25 140 42 103 129 117 55 89 30 37 137 32 39
-1286 7 50 6 43 13 61 10 9
-1328 48 50 52 71 22 30 3 27
1333 32 47 53 49 17 27 12 16
1336 44 68 140 16 156 130 21 91 139 110 63 179 107 154 32 51 167 69 197 138
1339 64 5 107 34 44 57 73 68 50 85 21
1345 41 91 104 114 121 119 112 113 12 29 126 5 63
1372 72 113 86 71 26 122 85 117 40 140 87 59 41 21 24 157
1388 58 21 44 47 86 107 65 6 110 55 89
1436 77 18 7 67 102 46 48 25 123 38 22 68 124
1444 66 33 85 6 109 91 112 133 19 32 102 52 114 38 131
1464 40 71 19 80 67 98 55 60 93 4 106 105
1486 82 93 97 70 63 34 7 48 17 22 55 76
1492 15 124 28 75 128 92 8 40 17 157 101 11 104 106 36 135
-1504 17 12 60 47 9 49 31 45
1508 116 27 5 10 114 118 150 1 43 36 138 60 53 115 66
1554 30 45 66 32 74 31 55 54
1617 115 99 120 93 131 139 37 55 70 88 23 44 9 24
1643 67 150 104 35 166 132 31 30 143 93 119 85 110 113 7 68 10
1685 34 103 46 83 13 116 11 113 93 86 81 12 17
1701 33 55 88 14 63 57 28 98 6 44 112 78
1721 105 114 96 87 81 83 46 18 116 117 78 101
-1736 8 52 10 30 78 31 25 40 6
1800 2 64 72 25 99 32 108 20 28 98 19 38
-1813 35 2 27 33 45 19 20 38
1857 95 132 119 55 14 58 11 20 187 146 86 113 64 40 117 66 17 160 15
1882 15 92 23 10 35 58 55 27 54 94 48
2013 10 89 24 63 87 44 48 36 8 47 86
-2016 84 83 62 100 60 95 69 54 116 110 92 120
2027 48 28 8 166 77 125 69 158 72 112 78 60 123 100 66 169 45 139
-2030 66 95 93 75 35 52 31 59 21 15
2063 7 18 15 65 89 122 29 124 112 98 43 101 153 108 10 145
-2100 93 30 94 107 78 62 137 118 55 71 13 3 76 31
2100 100 56 22 2 97 16 28 27 70 96
2113 24 18 51 64 21 52 62 6 13 101 27 43 70 119
-2176 34 26 6 84 78 42 56 11 18
2196 153 68 143 52 67 86 6 120 150 193 87 3 50 27 125 40 39 131 151 32
2208 5 14 20 86 99 37 24 110 105 87 32 117 78
-2211 18 15 71 67 133 116 96 89 150 53 8 75 68 60 72
2240 34 22 46 63 35 73 72 39
2249 40 51 91 60 96 26 87 3 39 54
-2331 41 13 93 6 63 37 82 31 35 86
2348 11 52 109 119 41 145 74 134 86 82 54 89 97 144 2
2400 56 68 40 73 60 65 58 21
2479 76 26 14 8 39 53 64 70 72
2489 4 66 9 94 131 130 39 34 44 55 100 74 138 83
2504 96 80 37 68 65 21 20 10 32 5 94 43 44
2541 41 56 38 54 10 31 46 77
2618 11 89 76 53 68 19 13 6 45 115 37 34 69
2646 47 42 78 25 49 20 80 13
2702 65 110 26 11 38 27 92 87 43 115 2 90 98 108
2761 154 59 100 139 110 169 119 173 87 146 114 83 106 5 145 107 108 63
2763 176 70 36 57 160 31 71 84 11 47 72 112 139 64 115 138 41 18
2768 74 65 1 55 59 6 41 54
2813 97 101 74 25 29 4 37 28 75 16 41 56 70
-2827 106 81 137 20 136 93 39 3 83 56 96 18 49 66
2847 11 12 41 74 52 25 1 133 19 95 79 51 56 115
2907 99 45 53 34 113 106 103 121 40 17 68 58 128
2923 14 75 84 22 42 33 87 7 32 40 79 16 34
-2943 41 59 54 27 50 11 75 67 86
2975 88 119 130 7 78 61 148 3 109 165 66 105 99 56 139 68 131
3016 113 150 87 35 82 51 56 16 70 136 1 17 67 37 21
3043 22 118 3 129 130 69 14 59 127 18 37 91 51 135
3107 62 74 98 19 35 28 42 10 18 13
-3280 42 90 41 93 34 38 33 78 36 23
3347 18 92 19 3 95 38 113 64 60 29 94 7
3360 54 16 9 21 143 11 145 98 95 133 92 13 140 2 67 68
3370 162 25 76 44 2 126 178 154 120 68 146 114 66 73 24 116 176 84 34 171
-3402 109 94 87 42 74 102 45 55 54 2 64
3528 14 90 56 88 35 46 126 124 16 17 69 67 107
3588 6 129 19 1 50 120 104 106 113 138 12 134 69 17
-3612 2 19 9 57 23 13 7 91 43 70
3673 43 45 82 30 19 1 57 25 85 18 55 109
3738 118 82 76 78 152 98 163 184 88 129 12 4 68 30 168 90 52 182 154
-3768 26 50 98 145 157 141 110 111 12 24 140 113 44 117 52 55
-3803 40 139 127 17 163 159 67 131 54 85 11 108 175 57 21 81 88 110 64
3906 44 84 93 7 68 82 14 92 86 6
3920 52 70 100 8 88 79 55 59 90 6
3948 28 49 41 20 89 9 84 51 45
-3978 46 94 17 39 62 102 16 31 37 99 97
4028 80 46 22 73 1 15 50 54
4051 90 60 120 177 62 4 146 158 134 169 143 153 197 32 154 118 161 88 38 44
4131 25 90 26 85 52 126 114 117 63 32 51 19 1 7
-4260 7 82 140 19 49 77 71 171 144 50 103 34 86 59 179 136 60 26
4332 57 76 51 13 36 21 58 24
4425 22 27 35 50 74 135 115 131 76 140 171 2 14 193 8 167 137 179 110 41
-4446 70 20 26 78 57 69 80 68
-4510 37 123 134 110 113 89 47 28 94 63 9 66 30 146 40
4693 54 22 85 63 19 88 61 6 82 15 23
4771 94 91 100 12 78 5 13 16 72 95 50
-4800 80 115 97 60 120 30 64 122 124 103 151 158 102 27 11 118
-4896 81 46 66 44 61 5 79 68 32 84
-5015 138 133 106 13 40 55 159 85 36 19 51 141 116 5 45 111 35
5170 44 59 55 26 4 63 36 1
5193 45 70 40 14 49 76 173 38 52 176 87 53 94 67 24 105 62 150 92
-5220 30 40 25 79 1 60 70 9
-5252 43 70 62 99 105 64 54 27 46 52 67
5265 32 17 96 88 60 68 91 5 13 52 90 102 6
5288 156 15 43 33 94 147 36 115 79 131 158 47 7 125 22 76 80
5303 37 79 89 18 32 92 80 57 90 95
-5310 36 70 90 136 49 117 39 6 120 131 126 82 19 59
5396 149 126 131 39 90 84 19 57 69 5 134 164 59 180 133 17 105 174
-5445 92 26 54 63 31 96 14 99 66 33 68
-5449 1 22 62 81 10 47 67 96 132 29 23 101 104 54
5709 95 22 63 3 45 9 61 60 92 33 39 58
5872 65 68 37 39 33 56 55 43 31
-6018 58 42 44 62 51 66 74 49 41
-6069 141 146 64 30 156 22 41 89 70 114 76 21 65 60 36 6 75
6240 29 76 58 65 12 50 32 42
6338 148 95 113 135 167 139 41 30 85 13 26 175 137 138 115 92 134 61
6385 157 143 27 94 1 28 178 76 102 39 35 69 16 128 6 89 162 96 30 111
-6608 10 97 51 108 94 78 92 89 71 22 8
6665 47 56 75 87 12 29 18 78 65
6709 25 78 1 80 52 18 24 13
6767 72 101 119 51 71 109 20 86 21 49 42 76
-7000 25 154 60 77 119 2 32 34 105 146 102 57 55 75 35 56 65 197 11 123
-7021 36 2 48 85 110 10 61 27 108 99 35 8 73 81 119 60
7081 21 73 107 55 103 18 87 32 5 58 54
7218 55 113 119 138 143 160 89 157 49 37 18 10 162 154 65 36 137 144
7290 95 81 47 50 13 45 46 59 77 8 60 102 56
-7370 160 143 9 67 110 46 73 15 107 30 137 152 116 145 31 139
7378 4 159 2 34 59 149 170 62 142 105 49 124 120 82 169 11 42
7553 73 96 7 18 33 116 87 76 109 86 48 94
-7563 31 39 73 3 52 61 113 30 55 19 77 4
7565 58 173 91 60 112 85 79 50 30 80 143 18 106 62 110 51 49 135
-7605 81 129 154 51 166 37 167 138 157 50 66 31 58 13 53 42 80 59
7682 77 83 101 48 156 171 87 158 103 115 188 184 169 126 17 24 74 88 54
7695 33 51 189 169 67 164 28 146 60 52 26 113 81 10 74 45 104 114 123
7714 86 57 11 52 48 79 124 32 90 21 7 106 128 98
7918 18 10 52 110 188 189 14 139 116 8 130 181 25 53 152 174 93 184 172
7938 167 102 165 37 163 4 97 92 56 28 168 101 184 189 147 181 162 143 57
8066 22 23 16 109 74 21 120 91 86 47 118 37
8293 187 95 107 176 45 20 159 137 46 92 114 174 69 186 16 166 12 10 105
8360 45 4 103 80 6 3 79 124 22 91 47 99 11 55 76 51
-8556 71 50 143 190 69 63 128 54 31 131 23 153 196 125 83 140 183 150 79 129
8659 68 145 89 6 152 17 135 4 49 119 101 176 9 115 11 165 64 97
8787 21 143 41 86 65 127 122 106 70 103 75 155 123 40 118 96
8905 55 76 52 38 152 118 31 157 84 59 110 146 29 108 151 150
-8946 119 77 100 71 15 21 38 149 125 102 35 22 6 52 27
8967 50 49 38 47 164 120 4 2 106 26 6 24 15 43 20 114 74 138
8988 82 42 105 56 45 19 143 140 26 138 97 128 120 158 60 115
9006 47 18 48 29 6 81 79 14 54
9270 35 96 23 100 32 19 95 42 90 110 71 49
9324 170 43 63 18 134 75 92 186 11 115 119 159 132 136 69 9 76 113 89
9349 82 31 144 5 48 108 20 176 105 132 179 113 61 14 24 102 152 103 89
9462 51 101 96 45 40 4 150 122 83 79 41 10 15 136 89
9595 46 101 107 34 180 125 45 170 7 126 38 68 48 73 128 58 124 149
9620 141 86 51 159 155 25 144 53 92 74 100 143 97 10 48 77
9804 25 31 75 2 8 48 86 121 5 140 132 37 85 97 16
