50 55 32 18 17 10 11 54
-52 29 26 68 41 40 12 52
59 45 41 19 14 18 53
-69 56 37 23 33 36 15
96 52 8 18 17 36 38
-99 1 40 33 13 27 41
118 37 20 64 1 19 11 17
126 26 44 47 42 51 34
130 45 49 46 9 36 61 65
140 7 61 67 13 18 55 17
-144 41 26 54 50 44 16
144 60 22 8 24 70 28 19
153 51 9 16 24 17 18
208 57 13 14 19 56 58
312 9 3 56 26 59 27 37
349 12 28 52 2 25 6
375 41 29 35 53 10 46
376 42 55 33 7 25 24
433 9 22 58 43 5 46
473 10 56 21 23 27 47
640 7 67 20 34 4 42 40
650 60 22 3 28 32 20 6
904 26 35 15 58 52 61 57
1197 19 37 38 25 59 21
1207 1 10 14 4 57 21 32
-1275 18 51 17 50 26 57
1389 54 58 18 61 25 41 70
-1419 33 9 39 27 15 70 24
1634 40 43 29 47 38 48
1671 6 39 34 43 49 40
1764 4 32 35 41 27 49
2208 27 3 48 43 23 37 51
-2592 34 36 22 11 21 54 59
3252 49 51 32 17 12 61 64
3869 29 53 30 28 6 38
4107 54 8 37 31 45 15 3
35880 46 15 49 20 39 51
65000 20 27 65 50 30 61 68
184050 62 39 65 33 64 57 50
277200 46 70 20 41 7 33 6
