5
9
7  1  3  4  _  8  6  9  5
5  _  6  9  4  2  3  8  1
4  3  2  7  9  _  8  1  6
2  5  1  6  3  4  9  7  8
9  6  4  1  8  7  5  3  2
1  8  7  5  6  3  2  _  9
6  9  5  8  7  1  4  2  3
3  4  8  2  5  9  1  6  7
8  2  _  3  1  6  7  5  4

9
7  1  3  4  _  8  6  9  5
5  _  6  9  4  2  3  8  1
4  3  2  7  9  _  8  1  6
2  5  1  6  3  4  9  7  8
9  6  4  1  8  7  5  3  2
1  8  7  5  6  3  2  _  9
_  9  5  8  7  1  4  2  3
3  4  8  2  5  9  1  6  7
8  2  _  3  1  6  7  5  4

9
7  1  3  4  _  8  6  9  5
5  _  6  9  4  2  3  8  1
4  3  2  7  9  _  8  1  6
2  5  1  6  3  4  _  7  8
9  6  4  1  8  7  _  3  2
1  8  7  5  6  3  2  _  9
_  9  5  8  7  1  4  2  _
3  4  8  _  5  9  1  6  7
8  2  _  3  1  6  7  5  4

9
7  _  3  4  _  8  6  9  5
_  _  _  9  _  2  3  8  _
4  3  2  7  9  _  8  _  6
2  5  1  6  3  _  _  7  8
9  6  4  _  8  7  _  3  2
1  8  _  5  6  3  2  _  9
_  9  5  8  7  1  4  2  _
_  4  8  _  5  9  1  6  7
8  2  _  3  _  6  7  5  4

9
7  _  3  4  _  8  6  _  5
_  _  _  _  _  2  3  8  _
4  3  2  7  _  _  8  _  6
2  5  _  6  3  _  _  7  8
_  _  4  _  8  7  _  3  2
_  8  _  5  6  3  2  _  _
_  _  5  8  7  1  4  2  _
_  4  8  _  5  _  1  6  7
8  2  _  3  _  6  7  5  4
